
farben zuweisung:
2 color shema:
0 : weiß
1 : grau

7 color shema:
000 : weiß
001 : grau
010 : Schwarz
011 : blau
100 : rot
101 : grün
110 : gelb

mein script :

(0, 0-14)(0, 0)
(1, 0-1)(0, 0); (1, 2-12)(0, 1); (1, 13-14)(0, 0)
(2, 0)(1, 000); (2, 1-2)(1, 001); (2, 3)(1, 010); (2, 4-10)(1, 001); (2, 11)(1, 011); (2, 12-13)(1, 001); (2, 14)(1, 000)
(3, 0)(1, 000); (3, 1)(1, 001); (3, 2)(1, 010); (3, 3)(1, 001); 3, 4)(1, 010); (3, 5-9)(1, 001); (3, 10)(1, 101); (3, 11)(1, 001); (3, 12)(1, 100); (3, 13)(1, 001); (3, 14)(1, 000)
(4, 0)(1, 000); (4, 1-2)(1, 001); (4, 3)(1, 010); (4, 4-5)(1, 001); (4, 6)(1, 010); (4, 7)(1, 001); (4, 8)(1, 010); (4, 9-10)(1, 001); (4, 11)(1, 110); (4, 12-13)(1, 001); (4, 14)(1, 000)
(5, 0)(0, 0); (5, 1-13)(0, 1); (5, 14)(0, 0)
(6, 0-1)(0, 0); (6, 2-4)(0, 1); (6, 5-9)(0, 0); (6, 10-12)(0, 1); (6, 13-14)(0, 0)
(7, 0-14)(0, 0)

